1	0	1.39
1	1	9.07
1	2	7.02
1	3	17.03
1	4	10.83
1	5	10.06
1	6	4.67
1	7	0.21
1	8	2.38
1	9	3.84
1	10	4.40
1	11	5.10
1	12	6.12
1	13	10.92
1	14	9.40
1	15	6.98
1	16	5.60
1	17	3.63
1	18	10.43
1	19	16.02

2	0	3.31
2	1	10.26
2	2	1.56
2	3	2.58
2	4	2.77
2	5	3.88
2	6	0.44
2	7	6.18
2	8	14.58
2	9	15.25
2	10	8.25
2	11	2.31
2	12	0.20
2	13	2.60
2	14	2.64
2	15	1.59
2	16	0.08
2	17	-0.33
2	18	1.15
2	19	4.83

3	0	2.47
3	1	4.91
3	2	3.55
3	3	1.76
3	4	7.50
3	5	8.94
3	6	3.78
3	7	-0.19
3	8	1.19
3	9	1.83
3	10	-0.18
3	11	2.36
3	12	5.89
3	13	5.63
3	14	7.05
3	15	9.28
3	16	11.04
3	17	13.03
3	18	14.60
3	19	16.99

4	0	0.59
4	1	5.01
4	2	5.99
4	3	12.99
4	4	0.93
4	5	0.49
4	6	-0.10
4	7	0.47
4	8	5.00
4	9	8.36
4	10	7.25
4	11	9.82
4	12	14.38
4	13	16.13
4	14	16.66
4	15	18.19
4	16	19.81
4	17	21.33
4	18	22.08
4	19	24.33

5	0	3.57
5	1	13.26
5	2	8.51
5	3	0.67
5	4	0.06
5	5	3.39
5	6	4.23
5	7	6.62
5	8	10.13
5	9	15.58
5	10	15.93
5	11	17.68
5	12	21.10
5	13	21.98
5	14	22.54
5	15	24.24
5	16	25.71
5	17	26.63
5	18	27.33
5	19	29.03

6	0	-2.73
6	1	11.60
6	2	-0.34
6	3	0.10
6	4	4.61
6	5	6.95
6	6	9.61
6	7	13.21
6	8	16.49
6	9	20.90
6	10	20.26
6	11	22.77
6	12	25.78
6	13	26.17
6	14	26.99
6	15	28.07
6	16	29.46
6	17	30.10
6	18	30.82
6	19	32.63

7	0	-1.46
7	1	1.34
7	2	-0.25
7	3	4.71
7	4	7.62
7	5	12.11
7	6	15.50
7	7	17.48
7	8	21.22
7	9	25.46
7	10	24.21
7	11	26.19
7	12	29.30
7	13	29.49
7	14	30.29
7	15	31.35
7	16	32.45
7	17	33.12
7	18	33.62
7	19	35.35

8	0	-1.98
8	1	3.82
8	2	5.13
8	3	5.39
8	4	12.11
8	5	17.61
8	6	18.61
8	7	22.04
8	8	23.90
8	9	28.23
8	10	27.57
8	11	28.60
8	12	31.84
8	13	32.04
8	14	32.56
8	15	33.72
8	16	34.59
8	17	35.25
8	18	35.75
8	19	37.28

9	0	1.00
9	1	2.45
9	2	7.42
9	3	10.30
9	4	17.04
9	5	20.24
9	6	22.99
9	7	24.18
9	8	26.98
9	9	30.58
9	10	29.93
9	11	31.20
9	12	33.82
9	13	34.11
9	14	34.53
9	15	35.69
9	16	36.43
9	17	37.02
9	18	37.14
9	19	38.66

10	0	1.15
10	1	6.44
10	2	8.77
10	3	15.09
10	4	18.74
10	5	23.69
10	6	24.56
10	7	27.13
10	8	28.91
10	9	32.68
10	10	31.79
10	11	33.39
10	12	35.56
10	13	36.13
10	14	36.01
10	15	37.27
10	16	37.59
10	17	38.28
10	18	38.41
10	19	39.80

11	0	3.48
11	1	6.46
11	2	11.51
11	3	17.36
11	4	21.49
11	5	25.36
11	6	27.31
11	7	28.87
11	8	31.14
11	9	34.41
11	10	33.59
11	11	34.73
11	12	37.08
11	13	36.98
11	14	37.38
11	15	38.22
11	16	38.76
11	17	39.28
11	18	39.53
11	19	40.84

12	0	1.09
12	1	7.04
12	2	15.51
12	3	18.90
12	4	24.71
12	5	27.12
12	6	29.13
12	7	30.79
12	8	32.49
12	9	36.17
12	10	34.90
12	11	35.95
12	12	38.30
12	13	38.14
12	14	38.54
12	15	39.25
12	16	39.79
12	17	40.09
12	18	40.51
12	19	41.64

13	0	-2.85
13	1	10.62
13	2	18.04
13	3	21.70
13	4	26.02
13	5	29.44
13	6	30.57
13	7	32.22
13	8	34.21
13	9	37.44
13	10	36.16
13	11	37.22
13	12	39.00
13	13	39.28
13	14	39.31
13	15	40.06
13	16	40.63
13	17	40.93
13	18	41.36
13	19	42.41

14	0	4.20
14	1	14.40
14	2	20.79
14	3	23.92
14	4	27.41
14	5	30.76
14	6	32.04
14	7	33.64
14	8	34.91
14	9	38.48
14	10	37.07
14	11	37.93
14	12	40.04
14	13	40.07
14	14	40.19
14	15	40.83
14	16	41.46
14	17	41.52
14	18	42.02
14	19	43.04

15	0	5.32
15	1	16.23
15	2	21.14
15	3	25.54
15	4	29.60
15	5	31.95
15	6	33.12
15	7	34.90
15	8	36.26
15	9	39.30
15	10	37.81
15	11	38.69
15	12	40.93
15	13	41.02
15	14	40.91
15	15	41.33
15	16	42.13
15	17	42.42
15	18	42.56
15	19	43.51

16	0	7.49
16	1	17.63
16	2	24.22
16	3	26.42
16	4	30.87
16	5	33.52
16	6	34.34
16	7	35.69
16	8	36.79
16	9	39.88
16	10	38.83
16	11	39.34
16	12	41.61
16	13	41.48
16	14	41.41
16	15	42.08
16	16	42.62
16	17	42.89
16	18	43.03
16	19	43.99

17	0	8.05
17	1	19.80
17	2	25.54
17	3	27.43
17	4	31.62
17	5	34.10
17	6	35.14
17	7	36.59
17	8	37.84
17	9	40.74
17	10	39.47
17	11	40.20
17	12	41.98
17	13	42.03
17	14	41.96
17	15	42.56
17	16	43.16
17	17	43.27
17	18	43.41
17	19	44.44

18	0	9.36
18	1	18.52
18	2	27.46
18	3	29.58
18	4	32.97
18	5	35.18
18	6	35.81
18	7	37.14
18	8	38.17
18	9	41.07
18	10	40.04
18	11	40.81
18	12	42.62
18	13	42.47
18	14	42.47
18	15	43.06
18	16	43.50
18	17	43.61
18	18	43.75
18	19	44.79

19	0	10.82
19	1	22.41
19	2	27.94
19	3	29.92
19	4	33.76
19	5	36.14
19	6	36.66
19	7	37.96
19	8	39.06
19	9	41.75
19	10	40.57
19	11	41.21
19	12	42.96
19	13	42.82
19	14	42.77
19	15	43.36
19	16	43.80
19	17	43.92
19	18	44.06
19	19	45.10

20	0	15.34
20	1	22.31
20	2	27.97
20	3	30.20
20	4	33.92
20	5	36.14
20	6	36.74
20	7	37.97
20	8	39.06
20	9	41.81
20	10	40.67
20	11	41.33
20	12	43.13
20	13	42.95
20	14	42.92
20	15	43.54
20	16	43.96
20	17	44.12
20	18	44.21
20	19	45.30

