|V|=65, |E|=950

id   workload
0      1
1      858
2      980
3      538
4      42
5      407
6      322
7      377
8      427
9      321
10      496
11      317
12      549
13      945
14      614
15      706
16      249
17      886
18      999
19      830
20      84
21      916
22      687
23      477
24      424
25      646
26      877
27      869
28      725
29      244
30      765
31      477
32      475
33      304
34      53
35      820
36      139
37      987
38      465
39      261
40      425
41      887
42      910
43      786
44      160
45      772
46      715
47      539
48      179
49      580
50      155
51      430
52      31
53      220
54      524
55      630
56      371
57      653
58      791
59      171
60      574
61      778
62      92
63      650
64      1

src    dst
0      26
0      1
0      5
0      6
0      17
0      2
0      3
0      4
0      7
0      8
0      9
0      10
0      11
0      12
0      13
0      14
0      15
0      16
0      18
1      62
1      2
1      14
1      23
1      3
1      4
1      5
1      6
1      7
1      8
1      9
1      10
1      11
1      12
1      13
1      15
1      16
1      17
2      16
2      3
2      4
2      5
2      6
2      7
2      8
2      9
2      10
2      11
2      12
2      13
2      14
2      15
2      17
2      18
3      8
3      4
3      15
3      5
3      6
3      7
3      9
3      10
3      11
3      12
3      13
3      14
3      16
3      17
3      18
3      19
3      20
4      33
4      7
4      20
4      5
4      6
4      8
4      9
4      10
4      11
4      12
4      13
4      14
4      15
4      16
4      17
4      18
4      19
5      51
5      10
5      6
5      7
5      8
5      9
5      11
5      12
5      13
5      14
5      15
5      16
5      17
5      18
5      19
5      20
6      42
6      9
6      11
6      7
6      8
6      10
6      12
6      13
6      14
6      15
6      16
6      17
6      18
6      19
6      20
6      21
6      22
7      27
7      8
7      9
7      10
7      11
7      12
7      13
7      14
7      15
7      16
7      17
7      18
7      19
7      20
7      21
8      60
8      9
8      10
8      11
8      12
8      13
8      14
8      15
8      16
8      17
8      18
8      19
8      20
8      21
8      22
9      35
9      12
9      10
9      11
9      13
9      14
9      15
9      16
9      17
9      18
9      19
9      20
9      21
9      22
9      23
9      24
10      33
10      11
10      12
10      13
10      14
10      15
10      16
10      17
10      18
10      19
10      20
10      21
10      22
10      23
10      24
11      48
11      13
11      18
11      22
11      12
11      14
11      15
11      16
11      17
11      19
11      20
11      21
11      23
11      24
11      25
11      26
11      27
11      28
12      33
12      55
12      13
12      14
12      15
12      16
12      17
12      18
12      19
12      20
12      21
12      22
12      23
12      24
12      25
12      26
13      47
13      14
13      15
13      16
13      17
13      18
13      19
13      20
13      21
13      22
13      23
13      24
13      25
13      26
13      27
14      32
14      28
14      15
14      16
14      17
14      18
14      19
14      20
14      21
14      22
14      23
14      24
14      25
14      26
14      27
14      29
15      36
15      21
15      16
15      17
15      18
15      19
15      20
15      22
15      23
15      24
15      25
15      26
15      27
15      28
15      29
15      30
16      50
16      19
16      17
16      18
16      20
16      21
16      22
16      23
16      24
16      25
16      26
16      27
16      28
16      29
16      30
16      31
17      57
17      24
17      18
17      19
17      20
17      21
17      22
17      23
17      25
17      26
17      27
17      28
17      29
17      30
17      31
17      32
18      33
18      19
18      20
18      21
18      22
18      23
18      24
18      25
18      26
18      27
18      28
18      29
18      30
18      31
18      32
19      30
19      20
19      21
19      22
19      23
19      24
19      25
19      26
19      27
19      28
19      29
19      31
19      32
19      33
19      34
20      50
20      25
20      39
20      21
20      22
20      23
20      24
20      26
20      27
20      28
20      29
20      30
20      31
20      32
20      33
20      34
20      35
21      42
21      22
21      23
21      24
21      25
21      26
21      27
21      28
21      29
21      30
21      31
21      32
21      33
21      34
22      27
22      23
22      24
22      25
22      26
22      28
22      29
22      30
22      31
22      32
22      33
22      34
22      35
22      36
23      27
23      24
23      25
23      26
23      28
23      29
23      30
23      31
23      32
23      33
23      34
23      35
23      36
23      37
24      56
24      25
24      26
24      27
24      28
24      29
24      30
24      31
24      32
24      33
24      34
24      35
24      36
24      37
25      64
25      34
25      26
25      27
25      28
25      29
25      30
25      31
25      32
25      33
25      35
25      36
25      37
25      38
25      39
26      48
26      27
26      28
26      29
26      30
26      31
26      32
26      33
26      34
26      35
26      36
26      37
26      38
26      39
27      29
27      28
27      30
27      31
27      32
27      33
27      34
27      35
27      36
27      37
27      38
27      39
27      40
27      41
28      51
28      29
28      30
28      31
28      32
28      33
28      34
28      35
28      36
28      37
28      38
28      39
28      40
28      41
29      47
29      37
29      30
29      31
29      32
29      33
29      34
29      35
29      36
29      38
29      39
29      40
29      41
29      42
29      43
30      62
30      31
30      32
30      33
30      34
30      35
30      36
30      37
30      38
30      39
30      40
30      41
30      42
30      43
30      44
31      59
31      32
31      33
31      34
31      35
31      36
31      37
31      38
31      39
31      40
31      41
31      42
31      43
31      44
32      53
32      46
32      33
32      34
32      35
32      36
32      37
32      38
32      39
32      40
32      41
32      42
32      43
32      44
32      45
33      62
33      34
33      35
33      36
33      37
33      38
33      39
33      40
33      41
33      42
33      43
33      44
33      45
33      46
34      62
34      38
34      35
34      36
34      37
34      39
34      40
34      41
34      42
34      43
34      44
34      45
34      46
34      47
34      48
35      41
35      36
35      37
35      38
35      39
35      40
35      42
35      43
35      44
35      45
35      46
35      47
35      48
35      49
36      61
36      37
36      38
36      39
36      40
36      41
36      42
36      43
36      44
36      45
36      46
36      47
36      48
36      49
37      40
37      38
37      39
37      41
37      42
37      43
37      44
37      45
37      46
37      47
37      48
37      49
37      50
37      51
38      45
38      39
38      40
38      41
38      42
38      43
38      44
38      46
38      47
38      48
38      49
38      50
38      51
38      52
39      59
39      49
39      40
39      41
39      42
39      43
39      44
39      45
39      46
39      47
39      48
39      50
39      51
39      52
39      53
40      52
40      41
40      42
40      43
40      44
40      45
40      46
40      47
40      48
40      49
40      50
40      51
40      53
40      54
41      56
41      42
41      43
41      44
41      45
41      46
41      47
41      48
41      49
41      50
41      51
41      52
41      53
41      54
42      43
42      44
42      45
42      46
42      47
42      48
42      49
42      50
42      51
42      52
42      53
42      54
42      55
42      56
43      44
43      45
43      46
43      47
43      48
43      49
43      50
43      51
43      52
43      53
43      54
43      55
43      56
43      57
44      60
44      45
44      46
44      47
44      48
44      49
44      50
44      51
44      52
44      53
44      54
44      55
44      56
44      57
45      47
45      46
45      48
45      49
45      50
45      51
45      52
45      53
45      54
45      55
45      56
45      57
45      58
45      59
46      58
46      47
46      48
46      49
46      50
46      51
46      52
46      53
46      54
46      55
46      56
46      57
46      59
46      60
47      61
47      48
47      49
47      50
47      51
47      52
47      53
47      54
47      55
47      56
47      57
47      58
47      59
47      60
48      52
48      49
48      50
48      51
48      53
48      54
48      55
48      56
48      57
48      58
48      59
48      60
48      61
48      62
49      64
49      50
49      51
49      52
49      53
49      54
49      55
49      56
49      57
49      58
49      59
49      60
49      61
49      62
50      51
50      52
50      53
50      54
50      55
50      56
50      57
50      58
50      59
50      60
50      61
50      62
50      63
50      64
51      63
51      52
51      53
51      54
51      55
51      56
51      57
51      58
51      59
51      60
51      61
51      62
51      64
51      64
52      63
52      53
52      54
52      55
52      56
52      57
52      58
52      59
52      60
52      61
52      62
52      64
52      64
52      64
53      59
53      54
53      55
53      56
53      57
53      58
53      60
53      61
53      62
53      63
53      64
53      64
53      64
53      64
53      64
54      58
54      55
54      56
54      57
54      59
54      60
54      61
54      62
54      63
54      64
54      64
54      64
54      64
54      64
55      56
55      57
55      58
55      59
55      60
55      61
55      62
55      63
55      64
55      64
55      64
55      64
55      64
55      64
56      62
56      57
56      58
56      59
56      60
56      61
56      63
56      64
56      64
56      64
56      64
56      64
56      64
56      64
57      64
57      58
57      59
57      60
57      61
57      62
57      63
57      64
57      64
57      64
57      64
57      64
57      64
57      64
58      63
58      59
58      60
58      61
58      62
58      64
58      64
58      64
58      64
58      64
58      64
58      64
58      64
58      64
59      61
59      60
59      62
59      63
59      64
59      64
59      64
59      64
59      64
59      64
59      64
59      64
59      64
59      64
60      63
60      61
60      62
60      64
60      64
60      64
60      64
60      64
60      64
60      64
60      64
60      64
60      64
60      64
61      64
61      62
61      63
61      64
61      64
61      64
61      64
61      64
61      64
61      64
61      64
61      64
61      64
61      64
62      63
62      64
62      64
62      64
62      64
62      64
62      64
62      64
62      64
62      64
62      64
62      64
62      64
62      64
63      64
63      64
63      64
63      64
63      64
63      64
63      64
63      64
63      64
63      64
63      64
63      64
63      64
63      64
