41.03
70.57
84.1
63.1
43.17
74.43
44.57
87.37
72.9
33.5
36.7
31.57
34.17
51.7
51.57
22.3
28.63
68.17
173.9
53.37
57.77
50.03
30.57
44.77
28.63
28.17
61.17
51.9
54.3
66.37
25.7
35.03
72.37
81.97
100.43
50.7
54.23
35.1
43.9
67.57
37.23
53.43
32.17
66.3
56.03
96.23
49.63
76.63
80.17
57.5
187.37
67.17
33.43
38.1
35.97
35.23
46.63
34.37
90.17
62.77
35.9
74.77
56.03
67.23
42.5
72.97
52.23
73.83
39.5
56.23
59.23
58.23
80.3
73.63
28.77
46.63
73.57
69.43
21.97
43.7
68.23
57.9
35.57
76.5
24.3
60.83
55.3
34.37
53.57
18.77
167.7
61.9
37.17
124.5
57.97
34.43
73.03
55.97
72.5
55.83
