53.03
83.83
94.37
96.43
136.63
140.7
77.37
73.9
160.23
173.97
135.03
134.23
113.3
132.43
84.37
94.63
97.57
112.9
86.3
139.77
74.83
115.43
101.5
139.57
86.63
137.23
109.23
113.3
109.77
184.83
73.63
135.57
116.03
73.63
174.57
79.97
133.17
96.23
103.7
72.37
138.03
121.97
63.5
64.63
139.17
87.3
142.17
83.1
116.77
141.83
113.57
90.5
136.03
85.1
63.77
111.1
58.43
87.03
102.9
146.83
81.77
98.37
105.77
101.37
82.63
120.97
123.03
148.37
134.63
129.37
112.3
110.1
83.43
105.57
105.1
154.3
66.03
125.63
94.7
164.3
116.03
150.3
160.77
98.23
99.3
110.37
120.83
87.17
84.3
126.97
67.5
119.83
80.03
113.37
152.17
145.63
79.43
97.5
133.63
106.17
