43.53
11.87
41.83
39.8
38.67
44.37
31.67
39.7
51.43
33.87
28.9
31.27
39.73
38.67
30.8
49.2
33.3
40.7
38.63
30.1
48.2
32.33
47.43
27.27
40.47
38.57
17.37
32
20.93
36.17
39.33
27.03
47.83
42.93
36.77
37.9
40.17
46.6
34.97
22.47
27.07
19.67
36.6
44.43
30.53
41.27
35.1
34.9
36.7
38.03
36.83
38.47
25.6
45.37
48.13
29.9
38.03
26.97
26.9
33.8
37.07
19.47
41.77
46.6
54.1
19.1
20.13
30.67
48.2
27.27
42.53
47.4
41.8
23.9
29.93
22.8
43.07
30.77
41.67
46.03
45.2
48.83
25.7
38.57
52.13
40.67
27.27
31.83
36.7
30.13
38.07
44.87
34.47
44.7
25.07
31.17
24.47
36.4
28
44.57
