26.4
44.83
57.5
45.47
48.4
61.37
45.97
49.63
37.53
34.07
38.27
56.97
31.37
46.6
28.4
27.9
16.6
50.4
30.37
37.37
40.87
35.6
38.2
20.83
33.97
56.1
48.83
26.47
48.03
33.6
41.13
24.6
38.23
36.2
49.87
49.6
30.83
48.33
53.13
36.93
35.67
35.4
26.83
27.23
29.97
36.4
39.43
24.73
27.13
35.27
36.67
45
21.87
46.73
55.4
25.27
43.57
49.47
29.5
29.5
58.23
25.3
34.87
35.67
20.63
40.27
50.3
28.73
22.37
34.03
45.6
37.5
34.37
23.83
39.37
30.77
52.23
30.8
34.33
16
52.27
24.23
45.57
23.83
43.1
45.8
32.4
36.53
33.03
38.03
28.3
52.53
38.37
28
47.17
28.67
36.83
34.63
31.77
36.7
