30.37
29.73
26.03
30.53
14.07
31.17
10.9
13.27
39
39
21.2
30.13
19.5
23.27
24.2
43.43
30.87
32.5
37.07
16.83
16.07
29.03
10.87
21.97
29.5
28.83
31.83
28.17
24.73
17.17
23.53
27.53
29.23
19.97
34.27
33.97
20.2
17.43
29.93
35.43
22
22
23
18.17
26.5
22.8
22.8
31.13
16.77
26.47
33.77
24.17
30.73
39.13
15.27
15.27
24.8
31.67
37.57
35.3
35.3
35.47
38.8
40.1
17
29.03
46.87
21.2
26.47
32.93
39.8
33.83
17.17
19.6
27.13
18.31
20.8
40.67
39.87
28.47
16.9
22.2
24.83
12.7
37.67
19.37
14.33
26.97
15.13
23.3
36.57
24.2
23.6
33.77
17.97
29.17
26.27
27.93
31.33
20.83
