34.53
29.53
20.5
39.6
22.27
51.1
34.13
53.4
38
52.7
37.93
39.4
41.67
47.97
58.17
52.97
23.87
42.53
44.2
39.6
42.57
23.9
35.1
43.4
60.33
29.27
79.3
49.43
37.4
41.73
45.57
21.1
44.83
26.57
57.47
31.7
33.63
46.83
60.73
48.93
56.97
24.03
49.57
42.17
43.83
37.9
36.2
25
39
37.17
29.33
38.03
37.77
43.37
46.27
46.43
43.9
54.17
58.93
34.33
46.03
24
47.2
47.63
55.57
23.23
43.1
47.1
20.07
34.6
33.93
37.43
48.37
26.23
60
47.03
56.53
36.93
30.23
58.3
15.73
45.1
40.43
38.47
48.5
39.63
49.47
32.54
37.3
34.1
37.3
48.5
40.37
29.8
24.67
56.57
47.13
35.93
35.37
61.93
