32.03
41.27
24.5
46.47
18.6
31
27.27
21.53
28.5
32.87
30.57
17.43
26.63
31.13
30.8
43.8
34.17
40.9
50.7
58.33
33.03
49.33
38.23
36.01
21.87
42.5
34.7
34.43
43.33
22.83
39.8
48.77
28.83
21.1
36.33
28.83
43.4
34.53
38.77
29.37
49.5
37.23
41.13
41.97
23.23
25.6
31.77
36.2
14.7
28.3
25.67
28.93
40.3
35.43
27.83
24.47
37
40.67
28.57
23.97
35.43
30.8
32
29.73
47.93
36.7
24.03
36.67
36.47
43.1
34
30.57
18.57
39.67
28.1
37.57
38.1
48.3
37.17
19.5
38.8
26.37
38.4
25.47
24.83
30.47
32
30.47
31.43
35.8
33.77
29.33
29.13
35.93
24.07
26.67
47.17
37.73
26.63
34.2
