38.57
38.03
64.37
47.67
56.7
45.4
47.57
34.13
46.83
48.87
35.77
31.77
51.33
55.27
52.97
34.97
48.37
35.37
43.97
66.37
45.3
32.67
32.87
40.93
36.53
35.93
70.83
43.8
42.37
46.93
30.77
35.17
42.27
39.43
33.4
30.63
51.1
59.57
46.5
44.2
52.23
47.27
66.8
54.83
35.6
62.6
50.7
25
62.77
58.2
39.87
42.6
82.5
42.93
39.51
49.5
57.5
46.57
34.17
51.7
47.7
45.17
61.13
45.53
59.73
56.2
45.83
28.63
61.3
52.47
60.88
40.53
38.87
37.77
59.77
41.1
41.5
46.6
41.4
57.67
64.63
44.27
39.4
25.03
49.83
64.17
62.47
52.47
37.77
34.53
41.7
33.73
47.8
42.4
68.07
53.57
42.6
56.83
53.33
59.67
