51.67
60.7
54.9
46.67
57.57
55.53
51.33
49.33
23.97
40.77
24.9
21.13
33.47
66.7
72.3
73.8
45.73
44.3
61.23
66.17
51.37
82.17
30.97
54.67
37.07
48.17
49.63
31.9
52.73
52.4
41.3
48.97
51.33
31.87
46.23
67.33
41.9
43.73
29.1
60.3
58.27
58.87
24.47
38.77
41.77
37.07
40.9
43.43
35.1
32.73
67.9
34.7
65.47
63.23
58.6
55.4
39.17
37.33
43.53
44
47.93
64.93
35.1
53.27
53.63
46.87
60.23
54.5
39.77
53.27
63.53
55.63
44.97
41.13
39.33
34.37
39.67
77.9
22
47.83
42.37
54.7
63.37
49.37
51.83
43.8
34.17
49.73
50.3
72.93
33.27
52.83
39.17
48.97
57.63
48.9
40.5
60
43.1
33.13
